import qcelemental as qcel
import numpy as np
from . import locald4
from . import constants
ang_to_bohr = constants.Constants().g_aatoau()


def water_geom1():
    coords = np.array(
        [
            [8, 0.0370878820, 0.0000000000, -0.0551122700],
            [1, -0.7006692913, 0.5931409324, 0.1638729949],
            [1, 0.1120576564, -0.5931409324, 0.7107987731],
            [8, -0.0116916226, -0.0550639593, 2.2876732163],
            [1, 0.7884890539, 0.1683899814, 2.7914941964],
            [1, -0.6029345083, 0.7055150610, 2.4141950038],
        ]
    )
    num = coords[:, 0]
    coords = coords[:, 1:]
    return num, coords


def water_geom2():
    coords = np.array(
        [
            [8.0, 0.01665435, 0.0, -0.0643079],
            [1.0, -0.07455903, -0.76693494, 0.52522351],
            [1.0, -0.18975762, 0.76693494, 0.49538957],
            [8.0, -0.04347863, 0.00992732, 2.59125275],
            [1.0, 0.41075455, 0.681702, 3.12646051],
            [1.0, 0.27928295, -0.8392558, 2.93588204],
        ]
    )
    num = coords[:, 0]
    coords = coords[:, 1:]
    return num, coords


def water_data_collect(
    geom_func=water_geom2,
    params=[1, 1.61679827, 0.44959224, 3.35743605],
    s9=1.0,
    # params = [1.0, 1.0, 0.0, 0.0]
):
    """
e_d = -0.004387512033598622
e_1 = -0.000989979834106309
e_2 = -0.000989979830027413
e_total = -0.0024075523694649
d4_e_d = -0.0043875120336
d4_e_1 = -0.00098997983411
d4_e_2 = -0.00098997983003
d4_e_total = -0.0024075523694600002

    """
    print(geom_func)
    pos, carts = geom_func()
    carts = np.array(carts, copy=True)

    charges = [0, 1]
    d4C6s, d4C8s, pairs, d4e, d4C6s_ATM = locald4.calc_dftd4_c6_c8_pairDisp2(
        pos, carts, charges, p=params, C6s_ATM=True, s9=s9,
    )
    np.set_printoptions(linewidth=60, precision=16)
    print(f"    {params = }", end="\n")
    print(f"    {pos = }", end="\n")
    print(f"    {carts = }", end="\n")
    print(f"    {d4C6s = }", end="\n")
    print(f"    {d4C8s = }", end="\n")
    print(f"    {pairs = }", end="\n")
    print(f"    {d4e = }", end="\n")
    print(f"    {d4C6s_ATM = }", end="\n")

    pos_A, carts_A = pos[:3], carts[:3, :]
    d4C6s_A, d4C8s_A, pairs_A, d4e_A, d4C6s_ATM_A = locald4.calc_dftd4_c6_c8_pairDisp2(
        pos_A, carts_A, charges, p=params, C6s_ATM=True, s9=s9,
    )
    print(f"    {pos_A = }", end="\n")
    print(f"    {carts_A = }", end="\n")
    print(f"    {d4C6s_A = }", end="\n")
    print(f"    {d4C8s_A = }", end="\n")
    print(f"    {pairs_A = }", end="\n")
    print(f"    {d4e_A = }", end="\n")
    print(f"    {d4C6s_ATM_A = }", end="\n")
    pos_B, carts_B = pos[3:], carts[3:, :]
    d4C6s_B, d4C8s_B, pairs_B, d4e_B, d4C6s_BTM_B = locald4.calc_dftd4_c6_c8_pairDisp2(
        pos_B, carts_B, charges, p=params, C6s_ATM=True, s9=s9,
    )
    print(f"    {pos_B = }", end="\n")
    print(f"    {carts_B = }", end="\n")
    print(f"    {d4C6s_B = }", end="\n")
    print(f"    {d4C8s_B = }", end="\n")
    print(f"    {pairs_B = }", end="\n")
    print(f"    {d4e_B = }", end="\n")
    print(f"    {d4C6s_BTM_B = }", end="\n")

    print("    return (")
    print(f"        params", end=",\n")
    print(f"        pos", end=",\n")
    print(f"        carts", end=",\n")
    print(f"        d4C6s", end=",\n")
    print(f"        d4C8s", end=",\n")
    print(f"        pairs", end=",\n")
    print(f"        d4e", end=",\n")
    print(f"        d4C6s_ATM", end=",\n")
    print(f"        pos_A", end=",\n")
    print(f"        carts_A", end=",\n")
    print(f"        d4C6s_A", end=",\n")
    print(f"        d4C8s_A", end=",\n")
    print(f"        pairs_A", end=",\n")
    print(f"        d4e_A", end=",\n")
    print(f"        d4C6s_ATM_A", end=",\n")
    print(f"        pos_B", end=",\n")
    print(f"        carts_B", end=",\n")
    print(f"        d4C6s_B", end=",\n")
    print(f"        d4C8s_B", end=",\n")
    print(f"        pairs_B", end=",\n")
    print(f"        d4e_B", end=",\n")
    print(f"        d4C6s_BTM_B", end=",\n")
    print(")")
    return


def water_data1():
    params = [1, 1.61679827, 0.44959224, 3.35743605]
    pos = np.array([8., 1., 1., 8., 1., 1.])
    carts = np.array([[ 0.037087882 ,  0.          , -0.05511227  ],
       [-0.7006692913,  0.5931409324,  0.1638729949],
       [ 0.1120576564, -0.5931409324,  0.7107987731],
       [-0.0116916226, -0.0550639593,  2.2876732163],
       [ 0.7884890539,  0.1683899814,  2.7914941964],
       [-0.6029345083,  0.705515061 ,  2.4141950038]])
    d4C6s = np.array([[24.632140069541194 ,  4.146788683562416 ,
         3.694885206898487 , 25.631911575295657 ,
         4.100967063787086 ,  4.19786525013085  ],
       [ 4.146788683562416 ,  0.7242262243404918,
         0.645300729009064 ,  4.315101513326589 ,
         0.716223593578363 ,  0.733146618356427 ],
       [ 3.694885206898487 ,  0.645300729009064 ,
         0.5749764603510745,  3.844855854484045 ,
         0.6381702174489576,  0.6532489868435176],
       [25.631911575295657 ,  4.315101513326589 ,
         3.844855854484045 , 26.672261896740597 ,
         4.267420052822134 ,  4.368251212169124 ],
       [ 4.100967063787086 ,  0.716223593578363 ,
         0.6381702174489576,  4.267420052822134 ,
         0.7083093911235264,  0.725045418090512 ],
       [ 4.19786525013085  ,  0.733146618356427 ,
         0.6532489868435176,  4.368251212169124 ,
         0.725045418090512 ,  0.7421768860923755]])
    d4C8s = np.array([[497.0900035416405  ,  64.7682047871094  ,
         57.70997752884656 , 517.265937095658   ,
         64.05252229645107 ,  65.5659636737486  ],
       [ 64.7682047871094  ,   8.754700079006383,
          7.800621067516719,  67.39706308164364 ,
          8.657961477433005,   8.862532924008914],
       [ 57.70997752884656 ,   7.800621067516719,
          6.950516694484912,  60.05235143696969 ,
          7.714424948099107,   7.896702390109836],
       [517.265937095658   ,  67.39706308164364 ,
         60.05235143696968 , 538.26077325328    ,
         66.652331957354   ,  68.2272019774721  ],
       [ 64.05252229645107 ,   8.657961477433005,
          7.714424948099107,  66.652331957354   ,
          8.562291828188082,   8.76460277977444 ],
       [ 65.5659636737486  ,   8.862532924008914,
          7.896702390109836,  68.22720197747212 ,
          8.76460277977444 ,   8.971693960994768]])
    pairs = np.array([[ 0.0000000000000000e+00, -2.2136106321945926e-04,
        -1.9723785808400590e-04, -8.9764970865001056e-04,
        -7.9131678393760396e-05, -1.2240355417879962e-04],
       [-2.2136106321945926e-04,  0.0000000000000000e+00,
        -3.9884495834800911e-05, -1.7221449327378999e-04,
        -1.1524549122246182e-05, -3.3993219413291008e-05],
       [-1.9723785808400590e-04, -3.9884495834800911e-05,
         0.0000000000000000e+00, -1.9809099838924999e-04,
        -2.8058479522991771e-05, -3.0216263320185592e-05],
       [-8.9764970865001056e-04, -1.7221449327378999e-04,
        -1.9809099838924999e-04,  0.0000000000000000e+00,
        -2.2780052522121215e-04, -2.3318302583593813e-04],
       [-7.9131678393760396e-05, -1.1524549122246182e-05,
        -2.8058479522991771e-05, -2.2780052522121215e-04,
         0.0000000000000000e+00, -4.4813324482163116e-05],
       [-1.2240355417879962e-04, -3.3993219413291008e-05,
        -3.0216263320185592e-05, -2.3318302583593813e-04,
        -4.4813324482163116e-05,  0.0000000000000000e+00]])
    d4e = -0.00507512647388
    d4C6s_ATM = np.array([[14.404357051335838 ,  6.574072489643388 ,
         6.573842213803248 , 14.404274011712342 ,
         6.574072489641293 ,  6.574072489645289 ],
       [ 6.574072489643388 ,  3.1126355844901212,
         3.1125184106734376,  6.574037693317189 ,
         3.112635584489055 ,  3.112635584491088 ],
       [ 6.573842213803248 ,  3.1125184106734376,
         3.112401242053186 ,  6.573807418515012 ,
         3.112518410672372 ,  3.112518410674405 ],
       [14.404274011712342 ,  6.574037693317189 ,
         6.573807418515012 , 14.404190972677494 ,
         6.574037693315095 ,  6.574037693319091 ],
       [ 6.574072489641293 ,  3.112635584489055 ,
         3.112518410672372 ,  6.574037693315095 ,
         3.1126355844879887,  3.1126355844900218],
       [ 6.574072489645289 ,  3.112635584491088 ,
         3.112518410674405 ,  6.574037693319091 ,
         3.1126355844900218,  3.1126355844920552]])
    pos_A = np.array([8., 1., 1.])
    carts_A = np.array([[ 0.037087882 ,  0.          , -0.05511227  ],
       [-0.7006692913,  0.5931409324,  0.1638729949],
       [ 0.1120576564, -0.5931409324,  0.7107987731]])
    d4C6s_A = np.array([[24.642940713138348 ,  4.205349217064851 ,
         4.205349217089833 ],
       [ 4.205349217064851 ,  0.7444991410296384,
         0.7444991410340684],
       [ 4.205349217089833 ,  0.7444991410340684,
         0.7444991410384986]])
    d4C8s_A = np.array([[497.30796641245905 ,  65.68285487317785 ,
         65.68285487356805 ],
       [ 65.68285487317786 ,   8.99976619146563 ,
          8.999766191519182],
       [ 65.68285487356805 ,   8.999766191519182,
          8.999766191572736]])
    pairs_A = np.array([[ 0.0000000000000000e+00, -2.2448710193230284e-04,
        -2.2448710193362123e-04],
       [-2.2448710193230284e-04,  0.0000000000000000e+00,
        -4.6015712604547628e-05],
       [-2.2448710193362123e-04, -4.6015712604547628e-05,
         0.0000000000000000e+00]])
    d4e_A = -0.00098997983294
    d4C6s_ATM_A = np.array([[14.404364844991884 ,  6.5740741225469455,
         6.574074122547845 ],
       [ 6.5740741225469455,  3.1126355844901212,
         3.112635584490579 ],
       [ 6.574074122547845 ,  3.112635584490579 ,
         3.112635584491037 ]])
    pos_B = np.array([8., 1., 1.])
    carts_B = np.array([[-0.0116916226, -0.0550639593,  2.2876732163],
       [ 0.7884890539,  0.1683899814,  2.7914941964],
       [-0.6029345083,  0.705515061 ,  2.4141950038]])
    d4C6s_B = np.array([[24.642940713541723 ,  4.205349216979469 ,
         4.205349217090355 ],
       [ 4.205349216979469 ,  0.7444991409871812,
         0.7444991410068458],
       [ 4.205349217090355 ,  0.7444991410068458,
         0.7444991410265104]])
    d4C8s_B = np.array([[497.30796642059937 ,  65.68285487184428 ,
         65.68285487357619 ],
       [ 65.68285487184427 ,   8.999766190952391,
          8.999766191190105],
       [ 65.68285487357619 ,   8.999766191190105,
          8.999766191427817]])
    pairs_B = np.array([[ 0.0000000000000000e+00, -2.2448710192778039e-04,
        -2.2448710193363216e-04],
       [-2.2448710192778039e-04,  0.0000000000000000e+00,
        -4.6015712602526255e-05],
       [-2.2448710193363216e-04, -4.6015712602526255e-05,
         0.0000000000000000e+00]])
    d4e_B = -0.00098997983293
    d4C6s_BTM_B = np.array([[14.404364844991104 ,  6.574074122544688 ,
         6.574074122548683 ],
       [ 6.574074122544688 ,  3.1126355844879887,
         3.1126355844900218],
       [ 6.574074122548683 ,  3.1126355844900218,
         3.1126355844920552]])
    return (
        params,
        pos,
        carts,
        d4C6s,
        d4C8s,
        pairs,
        d4e,
        d4C6s_ATM,
        pos_A,
        carts_A,
        d4C6s_A,
        d4C8s_A,
        pairs_A,
        d4e_A,
        d4C6s_ATM_A,
        pos_B,
        carts_B,
        d4C6s_B,
        d4C8s_B,
        pairs_B,
        d4e_B,
        d4C6s_BTM_B,
)


def water_data2():
    params = [1, 1.61679827, 0.44959224, 3.35743605]
    pos = np.array([8.0, 1.0, 1.0, 8.0, 1.0, 1.0])
    carts = np.array(
        [
            [0.01665435, 0.0, -0.0643079],
            [-0.07455903, -0.76693494, 0.52522351],
            [-0.18975762, 0.76693494, 0.49538957],
            [-0.04347863, 0.00992732, 2.59125275],
            [0.41075455, 0.681702, 3.12646051],
            [0.27928295, -0.8392558, 2.93588204],
        ]
    )
    d4C6s = np.array(
        [
            [
                24.5287384044749,
                4.001305743948308,
                3.9653839967155124,
                25.261018534292155,
                4.169828692586599,
                4.203420352291049,
            ],
            [
                4.001305743948308,
                0.6771437453704182,
                0.6710646831778077,
                4.120760988652568,
                0.7056630008072594,
                0.7113477406730684,
            ],
            [
                3.9653839967155124,
                0.6710646831778077,
                0.6650401958039033,
                4.08376683121658,
                0.6993279068212923,
                0.7049616118995402,
            ],
            [
                25.261018534292155,
                4.120760988652568,
                4.08376683121658,
                26.01516013043898,
                4.294315032477301,
                4.328909539798706,
            ],
            [
                4.169828692586599,
                0.7056630008072594,
                0.6993279068212923,
                4.294315032477301,
                0.7353834014015841,
                0.7413075653917882,
            ],
            [
                4.203420352291049,
                0.7113477406730684,
                0.7049616118995402,
                4.328909539798706,
                0.7413075653917882,
                0.7472794537648324,
            ],
        ]
    )
    d4C8s = np.array(
        [
            [
                495.0033016185066,
                62.49592386203885,
                61.93486631639953,
                509.7811135056047,
                65.12806397855802,
                65.65272816110992,
            ],
            [
                62.49592386203885,
                8.185550594348493,
                8.112064762892452,
                64.36168128116375,
                8.530301335808435,
                8.599020460965285,
            ],
            [
                61.93486631639952,
                8.112064762892452,
                8.039238650946114,
                63.78387388667597,
                8.45372050242317,
                8.521822701205807,
            ],
            [
                509.7811135056047,
                64.36168128116375,
                63.78387388667598,
                525.0001016910071,
                67.07240148174427,
                67.61272902329071,
            ],
            [
                65.12806397855802,
                8.530301335808435,
                8.45372050242317,
                67.07240148174427,
                8.88957194033284,
                8.961185308103822,
            ],
            [
                65.6527281611099,
                8.599020460965285,
                8.521822701205807,
                67.6127290232907,
                8.961185308103822,
                9.033375584918112,
            ],
        ]
    )
    pairs = np.array(
        [
            [
                0.0000000000000000e00,
                -2.1359499152466698e-04,
                -2.1167744116216828e-04,
                -6.8843182543643598e-04,
                -4.7068453732818208e-05,
                -6.1519814842062021e-05,
            ],
            [
                -2.1359499152466698e-04,
                0.0000000000000000e00,
                -4.1476904224038548e-05,
                -1.7790874763781467e-04,
                -1.1998297631012246e-05,
                -2.7701012830786060e-05,
            ],
            [
                -2.1167744116216828e-04,
                -4.1476904224038548e-05,
                0.0000000000000000e00,
                -1.7357377181816908e-04,
                -1.9491611596798207e-05,
                -1.3175565273598553e-05,
            ],
            [
                -6.8843182543643598e-04,
                -1.7790874763781467e-04,
                -1.7357377181816908e-04,
                0.0000000000000000e00,
                -2.2923621480722015e-04,
                -2.3108291534555328e-04,
            ],
            [
                -4.7068453732818208e-05,
                -1.1998297631012246e-05,
                -1.9491611596798207e-05,
                -2.2923621480722015e-04,
                0.0000000000000000e00,
                -4.5818448936168995e-05,
            ],
            [
                -6.1519814842062021e-05,
                -2.7701012830786060e-05,
                -1.3175565273598553e-05,
                -2.3108291534555328e-04,
                -4.5818448936168995e-05,
                0.0000000000000000e00,
            ],
        ]
    )
    d4e = -0.0043875120336
    d4C6s_ATM = np.array(
        [
            [
                14.404364845182348,
                6.574074122983586,
                6.574074122732971,
                14.404364844756937,
                6.574074122072356,
                6.57407412246404,
            ],
            [
                6.574074122983586,
                3.1126355848938703,
                3.1126355847663474,
                6.574074122805322,
                3.112635584430199,
                3.112635584629504,
            ],
            [
                6.574074122732971,
                3.1126355847663474,
                3.1126355846388236,
                6.574074122554708,
                3.1126355843026756,
                3.11263558450198,
            ],
            [
                14.404364844756937,
                6.574074122805322,
                6.574074122554708,
                14.40436484433152,
                6.5740741218940935,
                6.5740741222857775,
            ],
            [
                6.574074122072356,
                3.112635584430199,
                3.1126355843026756,
                6.5740741218940935,
                3.1126355839665276,
                3.1126355841658326,
            ],
            [
                6.57407412246404,
                3.112635584629504,
                3.11263558450198,
                6.5740741222857775,
                3.1126355841658326,
                3.112635584365137,
            ],
        ]
    )
    pos_A = np.array([8.0, 1.0, 1.0])
    carts_A = np.array(
        [
            [0.01665435, 0.0, -0.0643079],
            [-0.07455903, -0.76693494, 0.52522351],
            [-0.18975762, 0.76693494, 0.49538957],
        ]
    )
    d4C6s_A = np.array(
        [
            [24.64294067343784, 4.205349224953217, 4.205349217999618],
            [4.205349224953217, 0.7444991450304663, 0.7444991437973072],
            [4.205349217999618, 0.7444991437973072, 0.7444991425641482],
        ]
    )
    d4C8s_A = np.array(
        [
            [497.3079656112811, 65.6828549963853, 65.68285488777786],
            [65.6828549963853, 8.999766239829038, 8.999766224922178],
            [65.68285488777786, 8.999766224922178, 8.99976621001532],
        ]
    )
    pairs_A = np.array(
        [
            [0.0000000000000000e00, -2.2448710234669622e-04, -2.2448710197973503e-04],
            [-2.2448710234669622e-04, 0.0000000000000000e00, -4.6015712726723342e-05],
            [-2.2448710197973503e-04, -4.6015712726723342e-05, 0.0000000000000000e00],
        ]
    )
    d4e_A = -0.00098997983411
    d4C6s_ATM_A = np.array(
        [
            [14.404364845382618, 6.5740741230255475, 6.574074122774931],
            [6.5740741230255475, 3.112635584893871, 3.1126355847663474],
            [6.574074122774931, 3.1126355847663474, 3.112635584638824],
        ]
    )
    pos_B = np.array([8.0, 1.0, 1.0])
    carts_B = np.array(
        [
            [-0.04347863, 0.00992732, 2.59125275],
            [0.41075455, 0.681702, 3.12646051],
            [0.27928295, -0.8392558, 2.93588204],
        ]
    )
    d4C6s_B = np.array(
        [
            [24.642940806386527, 4.205349201636615, 4.2053492125042435],
            [4.205349201636615, 0.7444991327391057, 0.7444991346663833],
            [4.2053492125042435, 0.7444991346663833, 0.7444991365936607],
        ]
    )
    d4C8s_B = np.array(
        [
            [497.30796829425805, 65.68285463220604, 65.68285480194626],
            [65.68285463220604, 8.999766091246768, 8.999766114544373],
            [65.68285480194625, 8.999766114544373, 8.999766137841979],
        ]
    )
    pairs_B = np.array(
        [
            [0.0000000000000000e00, -2.2448710111740933e-04, -2.2448710169092502e-04],
            [-2.2448710111740933e-04, 0.0000000000000000e00, -4.6015712205372239e-05],
            [-2.2448710169092502e-04, -4.6015712205372239e-05, 0.0000000000000000e00],
        ]
    )
    d4e_B = -0.00098997983003
    d4C6s_BTM_B = np.array(
        [
            [14.404364844531782, 6.574074121936052, 6.574074122327735],
            [6.574074121936052, 3.1126355839665276, 3.1126355841658326],
            [6.574074122327735, 3.1126355841658326, 3.112635584365137],
        ]
    )
    return (
        params,
        pos,
        carts,
        d4C6s,
        d4C8s,
        pairs,
        d4e,
        d4C6s_ATM,
        pos_A,
        carts_A,
        d4C6s_A,
        d4C8s_A,
        pairs_A,
        d4e_A,
        d4C6s_ATM_A,
        pos_B,
        carts_B,
        d4C6s_B,
        d4C8s_B,
        pairs_B,
        d4e_B,
        d4C6s_BTM_B,
    )

def water_data1_undamped():
    params = [1.0, 1.0, 0.0, 0.0]
    pos = np.array([8., 1., 1., 8., 1., 1.])
    carts = np.array([[ 0.037087882 ,  0.          , -0.05511227  ],
       [-0.7006692913,  0.5931409324,  0.1638729949],
       [ 0.1120576564, -0.5931409324,  0.7107987731],
       [-0.0116916226, -0.0550639593,  2.2876732163],
       [ 0.7884890539,  0.1683899814,  2.7914941964],
       [-0.6029345083,  0.705515061 ,  2.4141950038]])
    d4C6s = np.array([[24.632140069541194 ,  4.146788683562416 ,
         3.694885206898487 , 25.631911575295657 ,
         4.100967063787086 ,  4.19786525013085  ],
       [ 4.146788683562416 ,  0.7242262243404918,
         0.645300729009064 ,  4.315101513326589 ,
         0.716223593578363 ,  0.733146618356427 ],
       [ 3.694885206898487 ,  0.645300729009064 ,
         0.5749764603510745,  3.844855854484045 ,
         0.6381702174489576,  0.6532489868435176],
       [25.631911575295657 ,  4.315101513326589 ,
         3.844855854484045 , 26.672261896740597 ,
         4.267420052822134 ,  4.368251212169124 ],
       [ 4.100967063787086 ,  0.716223593578363 ,
         0.6381702174489576,  4.267420052822134 ,
         0.7083093911235264,  0.725045418090512 ],
       [ 4.19786525013085  ,  0.733146618356427 ,
         0.6532489868435176,  4.368251212169124 ,
         0.725045418090512 ,  0.7421768860923755]])
    d4C8s = np.array([[497.0900035416405  ,  64.7682047871094  ,
         57.70997752884656 , 517.265937095658   ,
         64.05252229645107 ,  65.5659636737486  ],
       [ 64.7682047871094  ,   8.754700079006383,
          7.800621067516719,  67.39706308164364 ,
          8.657961477433005,   8.862532924008914],
       [ 57.70997752884656 ,   7.800621067516719,
          6.950516694484912,  60.05235143696969 ,
          7.714424948099107,   7.896702390109836],
       [517.265937095658   ,  67.39706308164364 ,
         60.05235143696968 , 538.26077325328    ,
         66.652331957354   ,  68.2272019774721  ],
       [ 64.05252229645107 ,   8.657961477433005,
          7.714424948099107,  66.652331957354   ,
          8.562291828188082,   8.76460277977444 ],
       [ 65.5659636737486  ,   8.862532924008914,
          7.896702390109836,  68.22720197747212 ,
          8.76460277977444 ,   8.971693960994768]])
    pairs = np.array([[ 0.0000000000000000e+00, -3.0480922873397820e-01,
        -2.7159211525806798e-01, -3.4424917395423308e-03,
        -1.0290357476471616e-04, -2.1781927155583105e-04],
       [-3.0480922873397820e-01,  0.0000000000000000e+00,
        -1.2984503041346663e-03, -5.4270066004350392e-04,
        -1.3323581525392318e-05, -1.0189752629580936e-04],
       [-2.7159211525806798e-01, -1.2984503041346663e-03,
         0.0000000000000000e+00, -4.9820439724359939e-03,
        -7.3919335908568398e-05, -8.9999348541815665e-05],
       [-3.4424917395423308e-03, -5.4270066004350392e-04,
        -4.9820439724359939e-03,  0.0000000000000000e+00,
        -3.1367622380935817e-01, -3.2108780656698693e-01],
       [-1.0290357476471616e-04, -1.3323581525392318e-05,
        -7.3919335908568398e-05, -3.1367622380935817e-01,
         0.0000000000000000e+00, -1.4589096231312582e-03],
       [-2.1781927155583105e-04, -1.0189752629580936e-04,
        -8.9999348541815665e-05, -3.2108780656698693e-01,
        -1.4589096231312582e-03,  0.0000000000000000e+00]])
    d4e = -2.44697966661254
    d4C6s_ATM = np.array([[14.404357051335838 ,  6.574072489643388 ,
         6.573842213803248 , 14.404274011712346 ,
         6.574072489641293 ,  6.574072489645289 ],
       [ 6.574072489643388 ,  3.1126355844901212,
         3.1125184106734376,  6.574037693317191 ,
         3.112635584489055 ,  3.112635584491088 ],
       [ 6.573842213803248 ,  3.1125184106734376,
         3.112401242053186 ,  6.573807418515013 ,
         3.112518410672372 ,  3.112518410674405 ],
       [14.404274011712346 ,  6.574037693317191 ,
         6.573807418515013 , 14.4041909726775   ,
         6.574037693315097 ,  6.574037693319092 ],
       [ 6.574072489641293 ,  3.112635584489055 ,
         3.112518410672372 ,  6.574037693315097 ,
         3.1126355844879887,  3.1126355844900218],
       [ 6.574072489645289 ,  3.112635584491088 ,
         3.112518410674405 ,  6.574037693319092 ,
         3.1126355844900218,  3.1126355844920552]])
    pos_A = np.array([8., 1., 1.])
    carts_A = np.array([[ 0.037087882 ,  0.          , -0.05511227  ],
       [-0.7006692913,  0.5931409324,  0.1638729949],
       [ 0.1120576564, -0.5931409324,  0.7107987731]])
    d4C6s_A = np.array([[24.642940713138348 ,  4.205349217064851 ,
         4.205349217089833 ],
       [ 4.205349217064851 ,  0.7444991410296384,
         0.7444991410340684],
       [ 4.205349217089833 ,  0.7444991410340684,
         0.7444991410384986]])
    d4C8s_A = np.array([[497.30796641245905 ,  65.68285487317785 ,
         65.68285487356805 ],
       [ 65.68285487317786 ,   8.99976619146563 ,
          8.999766191519182],
       [ 65.68285487356805 ,   8.999766191519182,
          8.999766191572736]])
    pairs_A = np.array([[ 0.                , -0.3091137140630433,
        -0.3091137140433676],
       [-0.3091137140630433,  0.                ,
        -0.0014980536866713],
       [-0.3091137140433676, -0.0014980536866713,
         0.                ]])
    d4e_A = -1.23945096358616
    d4C6s_ATM_A = np.array([[14.404364844991884 ,  6.5740741225469455,
         6.574074122547845 ],
       [ 6.5740741225469455,  3.1126355844901212,
         3.112635584490579 ],
       [ 6.574074122547845 ,  3.112635584490579 ,
         3.112635584491037 ]])
    pos_B = np.array([8., 1., 1.])
    carts_B = np.array([[-0.0116916226, -0.0550639593,  2.2876732163],
       [ 0.7884890539,  0.1683899814,  2.7914941964],
       [-0.6029345083,  0.705515061 ,  2.4141950038]])
    d4C6s_B = np.array([[24.642940713541723 ,  4.205349216979469 ,
         4.205349217090355 ],
       [ 4.205349216979469 ,  0.7444991409871812,
         0.7444991410068458],
       [ 4.205349217090355 ,  0.7444991410068458,
         0.7444991410265104]])
    d4C8s_B = np.array([[497.30796642059937 ,  65.68285487184428 ,
         65.68285487357619 ],
       [ 65.68285487184427 ,   8.999766190952391,
          8.999766191190105],
       [ 65.68285487357619 ,   8.999766191190105,
          8.999766191427817]])
    pairs_B = np.array([[ 0.                , -0.3091137141068175,
        -0.3091137140194902],
       [-0.3091137141068175,  0.                ,
        -0.001498053686193 ],
       [-0.3091137140194902, -0.001498053686193 ,
         0.                ]])
    d4e_B = -1.239450963625
    d4C6s_BTM_B = np.array([[14.404364844991104 ,  6.574074122544688 ,
         6.574074122548683 ],
       [ 6.574074122544688 ,  3.1126355844879887,
         3.1126355844900218],
       [ 6.574074122548683 ,  3.1126355844900218,
         3.1126355844920552]])
    return (
        params,
        pos,
        carts,
        d4C6s,
        d4C8s,
        pairs,
        d4e,
        d4C6s_ATM,
        pos_A,
        carts_A,
        d4C6s_A,
        d4C8s_A,
        pairs_A,
        d4e_A,
        d4C6s_ATM_A,
        pos_B,
        carts_B,
        d4C6s_B,
        d4C8s_B,
        pairs_B,
        d4e_B,
        d4C6s_BTM_B,
)

def water_data1_ATM():
    params = [1, 1.61679827, 0.44959224, 3.35743605]
    pos = np.array([8., 1., 1., 8., 1., 1.])
    carts = np.array([[ 0.037087882 ,  0.          , -0.05511227  ],
       [-0.7006692913,  0.5931409324,  0.1638729949],
       [ 0.1120576564, -0.5931409324,  0.7107987731],
       [-0.0116916226, -0.0550639593,  2.2876732163],
       [ 0.7884890539,  0.1683899814,  2.7914941964],
       [-0.6029345083,  0.705515061 ,  2.4141950038]])
    d4C6s = np.array([[24.632140069541194 ,  4.146788683562416 ,
         3.694885206898487 , 25.631911575295657 ,
         4.100967063787086 ,  4.19786525013085  ],
       [ 4.146788683562416 ,  0.7242262243404918,
         0.645300729009064 ,  4.315101513326589 ,
         0.716223593578363 ,  0.733146618356427 ],
       [ 3.694885206898487 ,  0.645300729009064 ,
         0.5749764603510745,  3.844855854484045 ,
         0.6381702174489576,  0.6532489868435176],
       [25.631911575295657 ,  4.315101513326589 ,
         3.844855854484045 , 26.672261896740597 ,
         4.267420052822134 ,  4.368251212169124 ],
       [ 4.100967063787086 ,  0.716223593578363 ,
         0.6381702174489576,  4.267420052822134 ,
         0.7083093911235264,  0.725045418090512 ],
       [ 4.19786525013085  ,  0.733146618356427 ,
         0.6532489868435176,  4.368251212169124 ,
         0.725045418090512 ,  0.7421768860923755]])
    d4C8s = np.array([[497.0900035416405  ,  64.7682047871094  ,
         57.70997752884656 , 517.265937095658   ,
         64.05252229645107 ,  65.5659636737486  ],
       [ 64.7682047871094  ,   8.754700079006383,
          7.800621067516719,  67.39706308164364 ,
          8.657961477433005,   8.862532924008914],
       [ 57.70997752884656 ,   7.800621067516719,
          6.950516694484912,  60.05235143696969 ,
          7.714424948099107,   7.896702390109836],
       [517.265937095658   ,  67.39706308164364 ,
         60.05235143696968 , 538.26077325328    ,
         66.652331957354   ,  68.2272019774721  ],
       [ 64.05252229645107 ,   8.657961477433005,
          7.714424948099107,  66.652331957354   ,
          8.562291828188082,   8.76460277977444 ],
       [ 65.5659636737486  ,   8.862532924008914,
          7.896702390109836,  68.22720197747212 ,
          8.76460277977444 ,   8.971693960994768]])
    pairs = np.array([[ 0.0000000000000000e+00, -2.2136106321945926e-04,
        -1.9723785808400590e-04, -8.9764970865001056e-04,
        -7.9131678393760396e-05, -1.2240355417879962e-04],
       [-2.2136106321945926e-04,  0.0000000000000000e+00,
        -3.9884495834800911e-05, -1.7221449327378999e-04,
        -1.1524549122246182e-05, -3.3993219413291008e-05],
       [-1.9723785808400590e-04, -3.9884495834800911e-05,
         0.0000000000000000e+00, -1.9809099838924999e-04,
        -2.8058479522991771e-05, -3.0216263320185592e-05],
       [-8.9764970865001056e-04, -1.7221449327378999e-04,
        -1.9809099838924999e-04,  0.0000000000000000e+00,
        -2.2780052522121215e-04, -2.3318302583593813e-04],
       [-7.9131678393760396e-05, -1.1524549122246182e-05,
        -2.8058479522991771e-05, -2.2780052522121215e-04,
         0.0000000000000000e+00, -4.4813324482163116e-05],
       [-1.2240355417879962e-04, -3.3993219413291008e-05,
        -3.0216263320185592e-05, -2.3318302583593813e-04,
        -4.4813324482163116e-05,  0.0000000000000000e+00]])
    d4e = -0.00507402098239
    d4C6s_ATM = np.array([[14.404357051335838 ,  6.574072489643388 ,
         6.573842213803248 , 14.404274011712346 ,
         6.574072489641293 ,  6.574072489645289 ],
       [ 6.574072489643388 ,  3.1126355844901212,
         3.1125184106734376,  6.574037693317191 ,
         3.112635584489055 ,  3.112635584491088 ],
       [ 6.573842213803248 ,  3.1125184106734376,
         3.112401242053186 ,  6.573807418515013 ,
         3.112518410672372 ,  3.112518410674405 ],
       [14.404274011712346 ,  6.574037693317191 ,
         6.573807418515013 , 14.4041909726775   ,
         6.574037693315097 ,  6.574037693319092 ],
       [ 6.574072489641293 ,  3.112635584489055 ,
         3.112518410672372 ,  6.574037693315097 ,
         3.1126355844879887,  3.1126355844900218],
       [ 6.574072489645289 ,  3.112635584491088 ,
         3.112518410674405 ,  6.574037693319092 ,
         3.1126355844900218,  3.1126355844920552]])
    pos_A = np.array([8., 1., 1.])
    carts_A = np.array([[ 0.037087882 ,  0.          , -0.05511227  ],
       [-0.7006692913,  0.5931409324,  0.1638729949],
       [ 0.1120576564, -0.5931409324,  0.7107987731]])
    d4C6s_A = np.array([[24.642940713138348 ,  4.205349217064851 ,
         4.205349217089833 ],
       [ 4.205349217064851 ,  0.7444991410296384,
         0.7444991410340684],
       [ 4.205349217089833 ,  0.7444991410340684,
         0.7444991410384986]])
    d4C8s_A = np.array([[497.30796641245905 ,  65.68285487317785 ,
         65.68285487356805 ],
       [ 65.68285487317786 ,   8.99976619146563 ,
          8.999766191519182],
       [ 65.68285487356805 ,   8.999766191519182,
          8.999766191572736]])
    pairs_A = np.array([[ 0.0000000000000000e+00, -2.2448710193230284e-04,
        -2.2448710193362123e-04],
       [-2.2448710193230284e-04,  0.0000000000000000e+00,
        -4.6015712604547628e-05],
       [-2.2448710193362123e-04, -4.6015712604547628e-05,
         0.0000000000000000e+00]])
    d4e_A = -0.0009899787143
    d4C6s_ATM_A = np.array([[14.404364844991884 ,  6.5740741225469455,
         6.574074122547845 ],
       [ 6.5740741225469455,  3.1126355844901212,
         3.112635584490579 ],
       [ 6.574074122547845 ,  3.112635584490579 ,
         3.112635584491037 ]])
    pos_B = np.array([8., 1., 1.])
    carts_B = np.array([[-0.0116916226, -0.0550639593,  2.2876732163],
       [ 0.7884890539,  0.1683899814,  2.7914941964],
       [-0.6029345083,  0.705515061 ,  2.4141950038]])
    d4C6s_B = np.array([[24.642940713541723 ,  4.205349216979469 ,
         4.205349217090355 ],
       [ 4.205349216979469 ,  0.7444991409871812,
         0.7444991410068458],
       [ 4.205349217090355 ,  0.7444991410068458,
         0.7444991410265104]])
    d4C8s_B = np.array([[497.30796642059937 ,  65.68285487184428 ,
         65.68285487357619 ],
       [ 65.68285487184427 ,   8.999766190952391,
          8.999766191190105],
       [ 65.68285487357619 ,   8.999766191190105,
          8.999766191427817]])
    pairs_B = np.array([[ 0.0000000000000000e+00, -2.2448710192778039e-04,
        -2.2448710193363216e-04],
       [-2.2448710192778039e-04,  0.0000000000000000e+00,
        -4.6015712602526255e-05],
       [-2.2448710193363216e-04, -4.6015712602526255e-05,
         0.0000000000000000e+00]])
    d4e_B = -0.00098997871429
    d4C6s_BTM_B = np.array([[14.404364844991104 ,  6.574074122544688 ,
         6.574074122548683 ],
       [ 6.574074122544688 ,  3.1126355844879887,
         3.1126355844900218],
       [ 6.574074122548683 ,  3.1126355844900218,
         3.1126355844920552]])
    return (
        params,
        pos,
        carts,
        d4C6s,
        d4C8s,
        pairs,
        d4e,
        d4C6s_ATM,
        pos_A,
        carts_A,
        d4C6s_A,
        d4C8s_A,
        pairs_A,
        d4e_A,
        d4C6s_ATM_A,
        pos_B,
        carts_B,
        d4C6s_B,
        d4C8s_B,
        pairs_B,
        d4e_B,
        d4C6s_BTM_B,
)


def water_data2_ATM():
    params = [1, 1.61679827, 0.44959224, 3.35743605]
    pos = np.array([8., 1., 1., 8., 1., 1.])
    carts = np.array([[ 0.01665435,  0.        , -0.0643079 ],
       [-0.07455903, -0.76693494,  0.52522351],
       [-0.18975762,  0.76693494,  0.49538957],
       [-0.04347863,  0.00992732,  2.59125275],
       [ 0.41075455,  0.681702  ,  3.12646051],
       [ 0.27928295, -0.8392558 ,  2.93588204]])
    d4C6s = np.array([[24.5287384044749   ,  4.001305743948308 ,
         3.9653839967155124, 25.261018534292155 ,
         4.169828692586599 ,  4.203420352291049 ],
       [ 4.001305743948308 ,  0.6771437453704182,
         0.6710646831778077,  4.120760988652567 ,
         0.7056630008072594,  0.7113477406730684],
       [ 3.9653839967155124,  0.6710646831778077,
         0.6650401958039033,  4.08376683121658  ,
         0.6993279068212923,  0.7049616118995402],
       [25.261018534292155 ,  4.120760988652567 ,
         4.08376683121658  , 26.01516013043897  ,
         4.294315032477301 ,  4.328909539798705 ],
       [ 4.169828692586599 ,  0.7056630008072594,
         0.6993279068212923,  4.294315032477301 ,
         0.7353834014015841,  0.7413075653917882],
       [ 4.203420352291049 ,  0.7113477406730684,
         0.7049616118995402,  4.328909539798705 ,
         0.7413075653917882,  0.7472794537648324]])
    d4C8s = np.array([[495.0033016185066  ,  62.49592386203885 ,
         61.93486631639953 , 509.7811135056047  ,
         65.12806397855802 ,  65.65272816110992 ],
       [ 62.49592386203885 ,   8.185550594348493,
          8.112064762892452,  64.36168128116373 ,
          8.530301335808435,   8.599020460965285],
       [ 61.93486631639952 ,   8.112064762892452,
          8.039238650946114,  63.78387388667597 ,
          8.45372050242317 ,   8.521822701205807],
       [509.7811135056047  ,  64.36168128116374 ,
         63.78387388667598 , 525.0001016910069  ,
         67.07240148174427 ,  67.6127290232907  ],
       [ 65.12806397855802 ,   8.530301335808435,
          8.45372050242317 ,  67.07240148174427 ,
          8.88957194033284 ,   8.961185308103822],
       [ 65.6527281611099  ,   8.599020460965285,
          8.521822701205807,  67.61272902329068 ,
          8.961185308103822,   9.033375584918112]])
    pairs = np.array([[ 0.0000000000000000e+00, -2.1359499152466698e-04,
        -2.1167744116216828e-04, -6.8843182543643598e-04,
        -4.7068453732818208e-05, -6.1519814842062021e-05],
       [-2.1359499152466698e-04,  0.0000000000000000e+00,
        -4.1476904224038548e-05, -1.7790874763781467e-04,
        -1.1998297631012246e-05, -2.7701012830786060e-05],
       [-2.1167744116216828e-04, -4.1476904224038548e-05,
         0.0000000000000000e+00, -1.7357377181816908e-04,
        -1.9491611596798207e-05, -1.3175565273598553e-05],
       [-6.8843182543643598e-04, -1.7790874763781467e-04,
        -1.7357377181816908e-04,  0.0000000000000000e+00,
        -2.2923621480722015e-04, -2.3108291534555328e-04],
       [-4.7068453732818208e-05, -1.1998297631012246e-05,
        -1.9491611596798207e-05, -2.2923621480722015e-04,
         0.0000000000000000e+00, -4.5818448936168995e-05],
       [-6.1519814842062021e-05, -2.7701012830786060e-05,
        -1.3175565273598553e-05, -2.3108291534555328e-04,
        -4.5818448936168995e-05,  0.0000000000000000e+00]])
    d4e = -0.0043856201189
    d4C6s_ATM = np.array([[14.404364845182348 ,  6.574074122983586 ,
         6.574074122732971 , 14.404364844756937 ,
         6.574074122072356 ,  6.57407412246404  ],
       [ 6.574074122983586 ,  3.1126355848938703,
         3.1126355847663474,  6.574074122805324 ,
         3.112635584430199 ,  3.112635584629504 ],
       [ 6.574074122732971 ,  3.1126355847663474,
         3.1126355846388236,  6.574074122554709 ,
         3.1126355843026756,  3.11263558450198  ],
       [14.404364844756937 ,  6.574074122805324 ,
         6.574074122554709 , 14.404364844331523 ,
         6.574074121894094 ,  6.574074122285778 ],
       [ 6.574074122072356 ,  3.112635584430199 ,
         3.1126355843026756,  6.574074121894094 ,
         3.1126355839665276,  3.1126355841658326],
       [ 6.57407412246404  ,  3.112635584629504 ,
         3.11263558450198  ,  6.574074122285778 ,
